[HeapSortTest], Sort an array of double 5000000,, snapshot time,2515,625
[HeapSortTest], Sort an array of double 5000000,, snapshot time,2515,625
[HeapSortTest], Sort an array of double 5000000,, snapshot time,2515,625
[HeapSortTest], Sort an array of double 5000000,, snapshot time,2515,625
[HeapSortTest], Sort an array of double 5000000,, snapshot time,2515,625
[HeapSortTest], Sort an array of double 5000000,, snapshot time,2515,625
[HeapSortTest], Sort an array of double 5000000,, snapshot time,2531,25
[HeapSortTest], Sort an array of double 5000000,, snapshot time,2515,625
[HeapSortTest], Sort an array of double 5000000,, snapshot time,2515,625
[HeapSortTest], Sort an array of double 5000000,, snapshot time,2531,25
[HeapSortTest], Sort an array of double 5000000,, average time,2518, min time,2515, max time,2531, relative deviation time,0,25
